5
25
10
67
103
14
99
149
136
178
112
55
106
99
150
223
228
173
211
521
251
335
124
1466
287
298
153
154
584
236
236
295
341
356
244
611
195
542
406
578
620
308
738
819
378
560
205
1565
1973
710
331
698
459
175
1047
667
351
694
728
392
478
808
475
1333
447
423
1166
2681
476
452
1817
667
1165
238
236
585
577
595
753
800
593
2133
1509
836
2180
1165
2596
1893
3606
1677
994
950
2766
451
227
2030
2118
2807
4061
2559
959
984
4925
1151
1040
495
1188
872
453
1178
1924
1291
1795
2104
658
1051
1042
1345
1103
568
1134
1857
654
1538
843
536
1225
2364
1643
1697
1283
1234
469
3716
1308
3112
3552
668
1224
1589
1497
2274
2261
875
830
2568
2415
725
681
1350
915
1171
1092
935
1007
1169
766
1101
875
1120
1694
930
847
3501
2197
2192
2024
2630
870
2990
2449
4385
1841
3172
5492
5010
11185
6463
10740
1802
2835
1253
1038
3321
2023
3128
3341
2448
515
3362
1334
4206
5012
4298
2514
3326
2973
6466
5406
4960
3539
4336
1404
3574
1013
5595
5092
1982
1462
2951
6480
1590
519
2898
2188
2296
2123
1245
752
3147
1321
2239
2216
4102
2147
3803
5828
2404
4702
744
4453
1457
1622
3644
2521
1969
1849
4055
1486
1957
3169
2668
2401
2278
5569
754
1060
2465
1846
2865
1179
865
3725
1926
1594
5669
4063
3768
3376
3532
6145
3267
1521
1528
1552
3749
1694
3820
4003
1531
3073
7772
3456
4617
4256
993
1435
4199
1749
4928
1815
3925
2052
4925
2932
2573
5295
2806
3438
4728
5943
3093
3861
3214
2606
2925
1095
3063
4499
6618
2121
1445
2721
1581
3715
2511
1586
3798
2069
1843
2125
1427
1503
2503
4474
5201
8860
3812
908
1583
4443
11854
3081
1644
1695
10806
7177
4630
3707
6746
5158
9189
2655
2181
2796
9047
3825
2697
1029
10666
6237
5438
7092
4732
14048
6494
2799
7483
3480
8523
7909
11055
8616
14113
12135
7237
8848
14372
10906
3327
5880
10012
5222
1693
5030
8235
3475
5009
5522
2984
9671
6995
4169
8780
3931
11459
4870
8105
7146
4963
4627
9707
8474
9089
4343
6663
7149
5872
6562
3522
4831
17101
4613
5980
12239
6759
12808
15028
5522
9572
7551
13437
4056
5736
5524
4692
2308
7414
7499
5225
4566
10577
9785
6633
19739
8135
6369
11146
3516
5285
4413
6752
11324
5031
10238
523
3268
11595
3720
3303
6539
5772
5738
5527
11978
2437
1370
2208
1226
3616
3491
7656
1689
6470
3951
3148
5798
11063
4388
3642
4431
4970
12460
6588
8113
3294
2535
11050
8064
2767
2326
5515
10132
9874
1548
7345
3694
11559
5452
7939
3138
3790
2403
3784
2255
7656
6868
6484
3389
3699
2197
4618
3535
5917
6870
2572
2445
13692
22387
8841
7460
1158
6781
3111
5186
2594
14213
8036
2626
3713
4809
2187
1525
16153
1171
6700
4250
6678
4398
4143
6733
5934
6474
6288
5232
5145
17088
9028
5528
15558
6121
8627
7606
9622
3868
2995
2181
8710
5988
2683
1922
4918
6332
4388
5070
9087
7368
9565
5034
6421
4836
3087
3144
9261
8509
7767
3781
4733
7771
7488
4262
2804
5640
15068
1990
8079
7186
3779
1947
8650
5552
6084
3267
7804
4823
4792
2068
12601
6419
11079
3643
5471
3190
7014
7791
5011
3663
11335
5592
5975
6396
6108
6683
4116
3804
7488
5421
5542
4288
3329
9980
4625
15440
1821
8435
9298
3853
5269
4672
9626
8696
17391
5418
4520
2850
9454
5292
8613
5655
7347
8479
4415
3244
2548
12314
4791
6663
5250
10446
5683
1889
8080
7577
1988
5135
17317
2780
11733
4550
6978
18456
27878
16909
9023
30825
23284
7368
17157
16530
8680
2587
14421
4544
19097
16493
3876
3082
10384
11460
4786
2489
19404
16201
13305
11659
14300
5015
14703
9212
12874
8123
17991
5437
10735
17182
7872
7111
21749
3626
6164
17114
25727
10991
7627
4059
14740
12590
11104
28419
15970
12182
7818
19956
8508
7364
14881
14284
14103
9801
23391
19953
11152
7225
16320
9965
11209
11445
23312
3783
18165
9599
10528
9776
11381
16522
11646
9086
24449
25558
13708
12671
10626
36145
15458
10121
20055
15393
13156
13567
4063
5430
14300
8009
25799
12266
16099
10609
5062
7326
6229
7721
14964
8466
8288
15066
14155
10027
15919
12878
29665
14832
16477
15894
13106
19646
12274
8561
17425
33029
5512
7370
22736
16775
8761
5538
15742
13895
18025
12706
8877
5926
8955
4949
14200
20682
10576
8767
26499
12551
15475
6876
12357
14961
12312
9255
11551
10807
7962
13881
17372
7538
9836
7775
28424
17395
6197
6442
8569
8289
12847
35939
25096
13063
17899
20855
18335
20159
7127
13780
39172
12503
10302
8446
15000
17143
37063
7652
5944
10349
5981
7804
8257
5630
8512
2359
9590
8666
11642
9927
8615
8282
15950
14400
24314
14215
12013
11216
13377
7318
21454
24226
20977
14891
9561
12759
18090
13441
17865
10104
8737
7342
6788
10917
18039
24131
24348
13112
16355
8789
13721
24908
10823
6843
31010
3674
20951
19089
4415
15136
12428
14195
10602
10461
6630
9185
9135
27822
15276
16955
14449
13966
4391
9617
2018
14697
18002
6775
6490
2007
4441
6737
14041
3770
14691
13692
6598
4805
9031
6474
8997
7522
4993
3363
12825
12006
13465
12036
10329
12986
9521
7303
29121
5233
10970
6265
13520
19650
16834
16008
8560
9310
13931
8684
13807
10348
15393
13132
8527
10988
9240
5170
13060
4300
6071
12226
20848
14500
18705
10372
4715
3825
26536
15065
12785
7107
14561
11644
35114
15597
14899
9942
11408
8424
4150
4027
14345
4867
19717
6692
2765
10506
15642
10350
10591
9501
12429
10963
23764
18448
4205
19539
10652
6502
10565
7893
3721
7464
8386
11153
14265
17627
6418
3330
4130
2948
28175
23932
37272
28761
9449
13140
14345
12899
27166
3962
10500
13280
4209
16773
9079
16281
17471
3105
19823
17619
17197
9588
9685
7731
10530
10653
21812
20022
20651
4065
4844
6506
19907
19119
18971
5223
32043
14541
10501
21734
11180
12002
11216
5866
10365
4448
7560
11254
14889
7206
15214
9863
14979
10513
15281
6069
15461
5699
17526
17728
24433
12254
11811
11404
39235
21998
17618
9425
15461
10554
10480
9007
25025
11920
5946
5230
18360
9407
24449
3130
14674
11498
22614
8237
3142
4601
2963
11152
6475
9674
11983
13077
13324
4766
13277
5873
10623
10239
10921
7608
18412
19375
17075
16323
14647
11064
11742
8515
5235
4899
14866
5077
9310
9510
26468
15768
7978
14498
8337
5718
5720
25029
14723
14826
10717
9623
9302
4622
8064
4226
24438
12402
26905
21466
3249
7970
14283
12010
10344
16222
12124
5029
3972
6134
14871
10822
16301
6619
7110
6324
12865
3341
13460
11246
12409
5279
8628
15493
17293
5163
20302
25737
13651
7624
11191
16412
12161
7070
7639
6087
13848
5694
34707
14932
12984
9016
6129
24146
5367
9058
27034
15937
19961
8586
7870
14435
11742
11163
6474
16620
11509
19453
15348
13471
6735
14007
10350
18381
6163
10060
6821
7809
4334
22282
5289
9051
16787
13328
21845
9684
16053
16573
8364
8842
9389
16362
16631
12778
13519
16904
11501
8597
6340
8887
16444
13021
12609
9988
20873
18631
11564
8836
16032
25125
7446
7322
19931
18321
7902
13322
14768
9469
7452
9348
22078
10488
12763
12326
4816
5715
15721
3734
14312
7295
22909
16748
19022
6416
10560
11468
25251
8353
14904
17734
9032
9666
7466
10791
8555
11743
12434
10746
10619
7161
53421
11451
29853
24343
30771
21882
20678
13817
24905
16070
8796
7287
34409
20710
34974
45917
35425
31667
28094
17884
49052
39187
42491
32172
24521
14582
38868
20669
28209
30625
29307
11328
8620
3595
55656
29615
30067
7085
30618
26560
44349
44951
23519
4215
13435
4935
31889
47834
36159
20503
13703
21684
8637
12558
32330
33590
16910
29216
36073
19236
15819
13253
16963
47389
8892
6325
15921
15005
39917
18594
13934
42442
28656
29973
46061
24290
13569
8396
24521
16111
31983
23022
22613
9851
26214
32954
26017
22226
31826
9012
19346
19275
27266
26606
27505
38472
12019
15133
29766
13178
6879
26999
44088
16269
16390
16575
20794
18594
34496
30570
33134
25385
60565
15581
39866
23539
38027
30393
16363
13624
23864
12668
30163
16110
32751
30537
15427
57943
44970
13703
31265
29033
40022
30243
21245
14737
15692
7852
25593
16604
31550
10178
16062
18100
23217
18900
25121
23368
30651
7358
20639
20119
35229
55815
11066
26395
40795
24476
29706
13902
27697
19116
17119
16910
17477
18997
36557
26555
26617
26573
15205
16319
16573
12801
18445
10670
47933
51988
24148
29558
18365
11209
20223
59403
34341
25053
44321
29928
39492
36089
24018
14117
30577
13306
29196
46507
10057
11174
29656
32959
33092
23402
18487
51248
44778
18199
16493
23123
8311
11449
17216
7876
28531
9010
22390
31369
13770
12520
21379
15858
23763
20555
14992
24293
36288
10251
20540
17672
30076
21769
49185
30375
40623
41596
28220
31211
16829
17924
39917
38066
31263
25755
26495
22773
11259
14551
18281
43855
37411
33688
40666
23675
9342
9346
25315
45346
43554
34018
14817
23588
7363
7044
26786
27979
28945
15819
36012
23409
15804
15406
35365
28859
23415
8758
19566
11638
9716
8080
25536
14359
54542
22152
20296
12820
36613
19690
32396
34295
16631
16773
29270
20009
49891
13667
25911
18090
21562
42810
60544
13193
31293
20099
26302
22812
24229
15637
28031
13561
15685
61998
20936
34714
20480
28004
35344
31926
9232
33597
53672
72600
25199
46221
35110
36294
49866
14785
10336
24954
8309
25318
18584
13551
39209
42362
50062
35989
29399
15411
29979
21399
24192
33670
20411
27055
20484
30011
7324
30993
20493
35492
46797
42058
23428
17028
45432
15178
9864
11093
39165
18653
42899
20280
51492
51240
37243
15116
13842
8090
23673
12931
17328
47603
12187
13708
36973
13386
9404
21324
11612
25635
14890
26466
64501
17155
16173
22554
11978
19824
11626
10697
12433
11070
46412
45303
34100
38241
22551
15803
33745
30669
37980
21125
13046
21145
21694
25593
26999
16687
20669
11048
36404
22210
33255
34759
41479
33662
32214
25277
21053
16822
14031
32842
24383
57109
24052
31386
29828
21448
11712
10999
14136
13266
35843
7692
14959
7475
25477
12351
19214
54292
28767
24745
25875
25230
29089
18068
35440
21957
36221
27887
33315
17027
26311
25176
20923
19967
10137
9084
41488
34142
7685
23762
31362
28283
28864
32048
28018
7127
19242
24538
24032
17272
21065
15896
29206
11724
34785
11487
30081
9823
19829
26899
21576
9856
39925
31648
49297
36146
20125
21747
14919
26599
33140
32644
13949
19515
19886
15673
2799
22576
29020
25520
45321
45917
17190
13316
39143
15704
2814
2911
14657
24804
29512
6879
34843
30740
5832
29335
23916
19493
24105
20416
12965
7160
15746
6234
34450
23662
17407
21977
15013
12872
9156
56368
20724
5924
8909
5029
16019
16535
34781
22211
43672
21135
24823
18638
16263
11332
14684
30439
18539
12972
46991
20612
30940
41203
19498
7944
31522
11648
19593
22966
28110
17061
23702
28425
21271
19229
22018
29536
49176
9453
9768
21817
50689
17759
20184
13857
16962
22060
17027
10943
18446
15949
13679
14477
23620
31005
23944
21105
27843
11117
20751
7569
29834
43936
39616
4934
37455
19510
15929
44602
25477
29806
31198
38341
43355
32169
22497
20834
10206
9028
4649
25735
41404
29925
37796
15593
24942
32238
15128
8813
30895
30188
19728
17548
44870
39195
31877
24638
31017
22560
10973
17575
35252
23502
24621
10303
35739
5498
29943
17072
21543
20339
25552
12465
27206
25788
33160
34315
9856
9522
28436
28390
25782
16521
17417
15107
32361
13438
29989
11725
16368
22008
30750
15620
43493
27053
28543
19923
28816
10270
28512
25290
11789
13674
28168
11527
31115
14495
13348
12035
36297
17368
11136
8514
31761
14857
22905
11306
29714
25778
24544
19454
13770
13764
12582
12053
24527
6567
28610
8996
34488
46159
26921
33503
52596
38129
45461
29874
13289
32531
14398
19771
26548
18683
15129
38066
46712
43792
5425
17752
30588
32174
24251
22505
11692
8103
25704
29888
30075
9968
16835
22600
50628
20895
10644
5842
32128
33457
32528
25419
17775
28361
35877
44922
36786
13148
28480
37438
13719
11795
10855
35117
55150
30124
27729
23084
24787
38355
36204
16510
12346
13643
41855
22695
27054
21628
20388
23587
20613
33186
19509
9692
36517
40141
28411
17135
32118
47154
36730
28380
22372
23046
19222
12857
18316
14332
31820
7392
34907
25933
12548
8567
46964
28524
20970
12205
29437
16204
16415
10408
25133
22840
11960
29997
25444
22867
18067
13633
35116
23778
26662
26200
28031
39735
11958
21624
28701
35891
24281
25687
31903
35520
31130
23004
21824
23986
30096
12031
52534
44290
33491
24199
18921
21466
36571
9901
18227
21918
19075
12493
24628
10561
32425
18441
32325
33602
14189
39144
18586
16619
33589
20824
28023
20789
41801
29876
41127
24822
34788
16227
30149
30306
12957
34016
30867
29475
14396
43536
24158
29118
16455
4638
43773
10924
27072
37500
30094
24523
17247
12563
14284
54142
23893
26208
37856
18506
15036
9767
15831
15961
6917
22291
23254
16710
33050
12759
14188
11143
21825
17349
23653
23428
47981
23072
39039
33768
23460
16629
21280
15330
19503
14597
26145
21837
39744
16355
6539
8875
27150
4954
33523
23402
24582
25289
21748
20413
14372
9583
31304
36360
51089
18605
14888
9780
23461
15901
9842
26657
38920
20055
36090
24034
31137
30234
49449
23545
16099
38736
32470
11549
43825
24367
11802
36120
5467
7810
24159
11644
60006
35293
26275
24462
16640
18627
33457
26919
31227
25062
23511
21802
31099
28102
21727
23169
34712
12982
57875
28130
54317
18660
26022
12779
10939
7780
9321
9081
30588
7773
18397
30980
19020
27569
25951
26177
50965
14640
14057
8991
14240
20248
19045
23950
14464
4270
18199
17838
12237
11383
32511
20890
19649
8776
36939
14738
16457
24380
28230
18845
17810
10454
23971
30434
27729
26893
38529
23738
21871
9115
39834
17315
30707
28363
33410
29878
21077
19888
19273
21915
10238
56827
28395
15108
5772
23626
44062
44533
29958
23252
29773
23726
20265
10034
23629
13945
38464
33479
23287
11514
11056
33233
34665
41079
34024
18573
39702
27768
27727
31587
13033
12982
26641
15341
27569
12155
11696
12925
16164
13986
37991
49096
19043
12988
24549
23121
61343
38009
13985
13642
32403
7972
33398
25793
42727
24002
27032
24733
6179
9469
25686
16160
15474
7535
11466
18280
26828
25392
27484
42291
16668
7215
26274
10765
33834
45990
20037
15039
28245
23491
10999
31675
21070
19059
21828
20506
21380
16943
36160
16012
21595
24211
19018
40968
16680
30055
26411
20417
21065
41177
28057
23440
26835
11688
17664
27272
17376
8313
16619
13951
24088
17596
39919
21734
13111
18584
20626
22784
22125
28259
26825
27516
30608
15816
15019
48164
19848
18881
36188
30550
10139
21917
11020
7537
20144
26218
52284
28299
14608
13257
34744
13638
16288
15508
30240
9503
12439
22164
17438
17237
44236
40811
19926
19053
35283
18123
18331
24917
23452
16589
13022
12131
19314
32324
6431
8065
22969
19138
50436
21605
35948
34146
22499
22280
49277
40115
21038
8053
24014
16579
33906
21067
36191
26582
30580
14870
47536
23831
31221
50414
29660
24034
11614
21927
7839
9879
11908
11152
16703
9052
35556
34590
14234
29214
11427
15351
19529
14782
12004
8363
60871
78570
40410
40316
37143
34307
35181
31220
53862
34246
30057
53292
37588
21602
60818
32762
54337
48009
38069
44808
53589
43603
45474
22080
34847
63906
67433
57021
68258
48466
67016
48887
52281
57737
63392
31735
56920
36255
49270
44332
53692
53332
59770
39745
58227
68319
37451
45449
62122
38018
49911
44108
66358
40321
72950
40525
45138
28217
36449
55860
55340
51167
74038
13154
28194
23041
15438
5219
73577
64441
42004
59995
50425
41633
21542
13432
54138
32898
31058
27043
47329
46809
72933
78127
28734
31459
10442
7869
33132
19465
27056
8379
67787
62931
60298
56151
40017
69638
25364
23337
6618
55349
28617
27865
39111
18233
36540
21622
45728
43672
46672
51928
21228
19795
47506
38862
57179
49297
55794
30866
70325
61637
17933
33446
45645
29580
56427
63315
17519
24148
24282
14911
39685
40651
28884
16687
70118
73200
50455
44246
45364
41335
51282
46982
48414
73128
75641
37806
54077
49813
31226
28428
63879
22585
13798
39373
36150
51344
53650
24404
62367
54659
43758
26641
29238
42395
23864
38481
77644
31043
60404
45474
34495
29051
29138
28766
46985
38054
49323
19847
8836
65697
22830
23537
40617
29786
78200
32907
73009
70189
70758
53548
67633
36393
31909
23779
35154
39713
29952
64988
48352
7712
59759
58587
75054
53524
79595
46988
88346
77519
36343
18398
37317
34759
60717
50022
57437
34772
61648
57443
42974
55560
36184
48010
73570
81610
52624
22817
72634
55527
57093
30491
70011
59591
64882
61879
57116
41606
47177
16806
34759
26582
31771
18522
52209
50040
35449
21140
76626
71382
52362
41824
42024
29907
73753
81065
48130
65332
24476
17720
64238
43742
52639
76810
43919
81677
70398
32930
34804
24816
54122
29540
60296
32741
16980
42888
67117
52221
28488
32081
39645
38845
39565
36928
40346
26968
61233
19210
52811
24815
39088
30394
54764
49818
52730
45679
40026
53911
22162
17184
48648
67613
31303
74063
56652
51914
64616
57684
55401
22081
50152
29500
63592
41673
62727
33277
71756
36261
65027
29449
33610
29481
36641
26594
48305
24502
25457
72452
33841
48480
29832
38018
61371
52626
75037
70919
59130
47830
56226
32646
46889
40975
24080
25059
24294
46692
20201
18636
19073
55533
17380
38941
58451
81485
65460
54761
35434
27011
44557
37618
25748
23913
28305
19190
27926
41162
73945
71365
50334
44777
38967
41484
54902
57258
52771
43799
54221
41825
64977
67526
59075
40930
54642
22377
66830
53499
40695
28139
46641
44800
70059
69820
48004
10388
42412
39027
61622
32486
54775
36190
46416
40682
52260
51296
64063
34274
62755
69245
60536
53726
41829
51208
43977
39733
58400
31732
38378
33016
21031
56384
55463
45927
63104
24758
88058
36872
44940
42551
56117
88742
71996
39857
50577
38453
20214
41358
38213
34777
40688
29657
56992
34689
38827
35712
59554
25717
33865
28320
36957
67399
18855
18146
36584
62877
36529
34615
78120
48825
55181
25992
76798
52312
35947
40683
71195
47210
92522
44972
57109
54811
54334
60567
28138
20772
52993
51943
63251
58554
85285
97049
35300
58181
41463
26385
36799
43955
56274
23450
28459
26692
35053
41424
77886
24525
54929
53918
59776
41946
39514
38839
78098
67424
41284
27044
15405
17655
25066
30713
46090
39204
63656
62247
54965
43983
69734
34322
86257
81999
62053
29177
31564
11256
55461
8945
34385
27624
60045
38650
56674
32208
72632
16722
72156
59864
76346
47185
35281
23477
48667
85669
75063
41711
60568
57361
47805
30467
62240
37208
26322
20867
59308
50604
30354
23492
13653
31509
50178
37842
31027
30637
63603
56801
79149
43679
28179
21943
20761
40222
60282
43603
67047
39263
53008
37880
50920
37706
48898
74370
44319
43874
80957
36011
31067
20092
74238
51480
42917
21705
60565
39184
69864
54703
37306
32105
69844
43063
77381
64154
70200
40654
31523
48475
47421
47133
78502
40558
52931
48404
31578
34353
75265
19136
54037
37701
29342
14835
61883
21581
67172
81177
49452
29960
44724
50719
52064
29725
38725
48263
52045
63185
36024
67983
71340
48856
54118
61531
68399
64465
83190
73967
55837
34197
46337
66173
56675
56650
68069
56657
53658
51296
28725
31786
30598
20151
38550
27877
65376
9520
63841
44922
48423
36971
45912
15758
55324
40029
61932
57006
60198
56634
80467
37716
48369
45216
69400
36543
44865
34596
48922
38456
35369
37629
38378
41584
40532
36733
29791
28914
27302
48484
32680
40042
56968
41075
50827
58808
36846
32262
65413
38316
71565
61637
43569
45260
50897
43884
38813
31862
52506
49030
52637
24869
31105
28440
21728
45457
50842
50328
61367
23040
60806
56532
47556
34429
69936
51822
83633
74449
38337
49539
39912
20809
34977
24093
22299
11941
55820
33656
14738
50715
41783
18246
55586
54837
33753
21174
14935
52891
48297
44217
44978
66220
60923
58388
42096
45642
30002
25606
29101
53160
89853
18939
49248
27800
59117
47054
48164
28551
40963
17212
36137
64770
49974
26748
49385
28399
45940
45846
14332
23473
70201
24630
27105
17772
73224
63714
63109
63680
38624
34930
58343
54577
35481
45117
49275
28811
64794
39791
54156
38831
72206
47124
48127
71315
48009
16951
27239
43366
39186
58772
51726
32934
68087
45738
23004
13892
44636
24932
60120
59962
60740
40577
65418
37078
36285
59749
45814
38425
12835
62719
50573
85282
78331
59419
37136
34924
64158
30734
44912
18900
63128
28679
86902
58452
59858
45185
64445
59173
54486
53013
48633
62157
56636
52326
42881
59187
36890
25327
56323
53798
62204
28098
56455
19848
41928
57448
37984
13457
45273
30814
30332
17514
55304
44624
30084
94757
45136
27109
67750
56800
50811
36087
34947
35893
26567
76639
26161
33028
51760
88961
50059
43580
69474
39954
61559
29791
63107
39511
71025
28496
52639
51404
35811
19806
27238
31630
33390
45881
53193
59343
52429
60431
59317
29901
86196
78730
44668
59572
49316
43578
67863
16274
27604
30411
40026
31570
38269
36379
37873
49789
55877
50667
43338
37745
39984
16599
53890
35988
41798
32038
62019
59367
31855
24586
31724
25685
24865
50252
58680
35374
31672
43642
71675
51792
22235
16655
30081
39790
73893
14756
28976
25660
27509
28339
73504
30040
34103
22920
51394
48055
38574
33763
75193
54998
51459
48116
71516
39599
86438
35102
46395
42040
54937
36548
41921
33876
33668
43513
20980
11154
24276
31930
54556
55103
42867
35808
26967
14629
46192
65128
42952
35832
69789
39982
61863
61023
61423
64436
38353
30462
44538
18910
72309
57052
48412
45903
26013
6947
56413
25759
60882
19473
54836
43746
39205
44036
9822
57411
65893
46929
61697
43988
60228
9608
40276
35850
56481
25478
40933
52293
79205
26776
49637
47221
67444
23072
24678
12490
38947
51353
19230
31922
54003
80429
72055
34710
36791
49053
22477
27038
48162
39989
53499
60864
42103
39603
94019
60880
57303
56601
18647
16247
35274
32332
49221
16160
67292
43650
35018
31250
60514
37481
38409
38377
60908
90032
35700
36898
45087
28831
38665
42626
46570
18298
28377
43404
43968
24855
58144
40826
75710
29735
42915
26790
65741
66129
45017
33166
35133
40759
56890
43612
32537
24204
40733
28198
62347
51756
38925
17691
40360
20663
28786
24305
32118
28149
62923
57277
46055
57839
66561
36555
51709
40804
47726
26278
71677
66141
49016
23139
72336
56334
49175
37722
14962
46521
59095
65816
57833
64292
51085
42573
79068
69484
70881
26993
12984
52311
54613
73256
64479
58145
42241
13539
21951
18897
29822
18453
27843
17539
18685
28906
62280
75003
89242
61976
26545
25638
60710
59199
41897
63491
49892
34176
33667
56908
27546
11025
66277
68386
53633
55350
72361
67662
56689
12186
55319
73081
39348
27520
61680
41860
53937
54830
78135
25754
71196
46681
40500
79505
51139
55780
52418
37992
53256
34186
49376
84268
55633
41155
68959
14546
21986
32024
53386
23096
50744
54807
60059
63781
36169
47925
74400
66587
53806
5137
73658
32074
34767
33132
29332
27803
36777
24925
79223
41031
44089
30235
72246
48580
36830
24344
45257
67092
67662
39510
61858
56969
64309
42115
48851
38100
35205
26457
72349
27881
55124
28739
43571
40027
41348
24924
52305
29209
40506
31852
59202
42133
44202
15964
34250
72961
25926
26658
34591
31303
64873
22067
45704
39347
82178
50865
53402
38806
45562
26227
74535
37175
49369
54292
41149
25406
25371
48649
42707
40718
32675
46929
45797
26520
18964
42743
17823
70165
38903
23523
54665
45467
42306
19334
53420
49636
12048
35166
55024
30743
32808
27957
36102
34653
34162
21527
73926
47542
31425
47335
56381
41168
48701
20024
67764
66067
30058
20146
58295
72424
28365
26199
91039
28933
29718
31398
45345
29268
35397
30568
58444
57467
77555
40594
45715
24481
46604
14432
50018
39273
52057
30707
47820
18397
39533
10806
57772
51957
35696
23100
67159
26378
25124
22142
81412
59368
30053
37540
32440
26677
21371
29864
74909
87809
26519
6368
47924
44247
20666
17182
43856
33046
46099
13390
49508
53241
54720
56839
43897
60877
52335
94989
58801
38644
41695
56220
67508
55500
59271
42579
77419
64964
71970
35380
52885
38821
50146
41005
38464
14673
20553
23750
63726
35292
53116
36185
19026
17229
58805
74206
59997
55653
52758
53555
29561
29814
41449
44056
57888
44412
58223
47931
36974
68113
25234
29861
37684
20312
26895
10457
65686
29298
58220
34652
62792
60065
32508
23948
27410
37406
69868
67640
75527
52668
65960
21237
27075
27269
39583
22057
36839
47918
65900
58849
54310
38432
33783
32282
67914
39333
48454
50337
67725
37382
57365
45053
66898
68579
44890
33341
49185
32237
58714
40891
48414
18846
73895
54414
44637
29834
45645
40538
69098
42208
69208
60233
49351
40507
66944
35556
63784
51438
52748
50140
84150
58813
53712
17196
42539
28656
19066
15005
54740
48761
80962
75764
66778
35658
61601
22502
69861
24575
86602
40856
30447
28319
73328
68401
55905
56676
25964
13026
70248
45654
62348
44766
47728
32659
24427
25770
60313
53718
51952
50638
69630
51653
42944
37955
47353
22699
38471
38911
54357
37389
81430
13588
24142
30178
29340
30628
47563
71451
49876
33015
42748
47568
67616
41720
31316
38546
18955
16840
80760
71069
63252
33332
81192
35270
42149
35447
65751
31219
52540
37842
56681
55220
22591
48924
39454
36416
67344
24475
39413
25654
53886
47458
48777
27423
42823
32032
46749
30956
33406
24594
45229
37572
31043
30112
37388
30611
31423
62588
56780
18847
61859
43098
49322
44187
44091
60027
32695
39272
55211
57408
39232
75703
42118
29225
49100
32789
42123
56620
36067
47034
67204
64493
32436
24520
32161
28361
50510
43377
24769
19875
53946
62580
57509
49312
64278
56321
69693
53794
41316
20460
28084
36561
62686
42599
74503
30704
41603
19057
66383
78122
37666
26010
58639
29118
61439
77480
38149
21613
33068
55474
26505
31420
61693
42006
40045
40372
49025
19214
79886
41117
64475
38682
23479
50385
39437
34142
39638
43763
54307
35425
31731
22244
47633
42058
43804
31740
52737
44143
68008
33529
52421
44127
34062
26418
77168
31912
53958
53430
55122
29584
60343
56650
45067
42502
51222
61747
51687
29067
61991
66388
86640
60828
49077
36991
40753
20212
40215
21687
61108
60696
51707
42211
37990
30860
45920
39438
77439
35251
36066
67394
19295
58051
33597
14660
19046
27181
84622
61960
64926
26737
29041
53002
89447
72836
87684
49559
85689
16084
45742
29778
32696
31433
20111
30838
24204
17234
27529
25910
29599
28320
68464
31371
61873
61417
49587
65593
43819
24461
37157
47296
31179
29644
55968
52178
40690
35427
42075
29807
59946
69921
25385
38142
73723
39826
42754
63400
72130
27759
68269
36823
65919
21654
44901
36773
51582
64862
46097
19097
51629
37956
43244
34285
56521
50625
28003
19543
58870
47924
53125
13685
13090
49429
41382
26636
40886
33792
52748
51445
47798
38067
48043
28729
84690
22955
36657
28251
40416
26518
84737
16610
82811
61662
63357
60361
75215
62472
62574
38987
51856
31864
59113
37536
51634
38938
48207
16980
70998
41484
48800
72304
83811
54018
74995
37405
62265
37056
70152
25732
43764
33852
46193
38665
66113
50558
48441
34356
79897
47095
63294
49915
49651
33375
60277
55817
53309
47914
47655
25146
40628
25229
58238
78224
23658
11332
13719
43275
45830
87690
43679
13305
71936
60728
86048
48057
42269
32933
29257
45450
66369
62831
35331
33789
52720
45000
33136
27840
42834
79980
51652
51767
29713
37046
17644
24124
61158
65799
73327
58021
54775
39643
56657
47604
40028
57544
37477
47321
78343
61714
51150
42274
68619
57948
21542
18792
55581
29664
61057
71645
29383
65580
67167
8061
41380
39061
29634
13182
32363
39504
53550
11594
66013
43709
36657
38109
31097
43663
76567
43011
47854
32027
56093
44147
69371
56518
57339
43928
24243
51462
40848
19824
25644
26918
34666
57097
47223
32278
53465
39354
27761
25951
53510
10650
53349
23719
23466
42030
14020
85431
17152
73111
58051
67783
47276
28917
49368
42336
16365
11488
44313
41990
41378
18217
45891
29570
31133
27263
65726
40787
43058
23401
21657
29645
10631
11956
66240
58026
57098
43747
69240
46086
36953
35646
59114
52249
79279
58637
59786
62739
55356
79935
42088
57571
52875
27102
32938
38275
80449
26900
77068
59088
37429
40817
33856
26648
52623
36906
78380
43029
43183
29724
76086
22356
60576
77698
58638
38939
20643
56695
35646
14044
53882
42281
46193
52164
44775
65042
61127
32145
33802
43880
33946
75403
37626
18524
29713
28036
47382
18759
87046
33749
58518
43942
52456
50908
39034
42581
38890
45871
38079
23057
47443
31393
55135
70736
43901
36586
73187
65955
42055
36111
25879
22981
78748
45735
42251
67517
60611
37140
71081
48330
38671
16342
26711
30036
34143
33090
32804
29073
42717
57485
20668
48301
58955
36132
30484
27087
39908
23196
38554
32090
50535
46873
60588
50311
24275
38104
29075
20085
72880
31577
49020
58219
60835
22281
49324
49776
34748
21621
63481
29232
65534
37045
53780
44657
37490
47159
31805
55962
56934
46804
66449
53883
31960
44355
71969
44989
38870
13415
20587
39770
48215
69786
49282
19382
38641
34229
75946
9735
15948
37237
45173
20718
51289
35041
44713
35095
68123
30672
47785
70180
61692
39441
21691
25281
44119
39731
38563
10938
68961
22099
53784
63279
65540
56000
47907
24099
29090
48179
51250
26455
30264
24704
43445
49478
50704
62923
88075
42139
71141
52920
52933
73975
38661
71114
24233
23848
56099
64946
25148
19007
32980
57380
44690
37109
23105
32273
68135
43868
47867
51032
35378
42941
64922
56223
37621
37003
76248
39944
65859
64218
40537
29341
44697
24185
55187
30419
54008
27052
47201
34297
39070
48139
35993
21268
23845
18420
58603
47916
41930
63219
62743
52959
37418
23967
76133
81954
38577
27866
39802
31194
52456
25705
26767
59479
47702
26270
78763
73491
76245
31332
61191
29654
47027
53218
41308
73148
26850
23369
62428
58321
52689
62487
38579
47736
53871
31319
40454
45278
46292
34776
52762
16559
78298
25529
55013
34080
28106
39145
56299
45319
45490
40882
54235
65522
42387
28758
31777
37772
16696
14064
39772
40918
26702
24826
47298
81248
44730
30347
45854
40302
50261
24863
51270
22408
64580
24596
54645
45888
40748
44149
86460
70184
59886
48271
59241
35435
31832
25260
42774
40241
41987
37014
39462
36468
45631
31253
50308
30111
42250
19123
85340
34977
32719
24279
39205
24316
57561
41943
13455
21446
13076
12503
79340
60347
38668
49490
54041
56548
37469
17446
59485
41215
52863
57920
32758
22762
29921
52158
87539
76799
27142
65864
70393
27289
56378
14684
54944
51495
69948
20869
61140
55596
51442
26210
81187
55676
62009
36950
25426
60145
42044
15863
61080
79051
50663
24826
72227
40068
62531
54212
65312
57440
72614
49196
37969
24811
57108
45436
51326
11566
37624
26197
38090
44262
25837
25113
84933
53568
69046
18446
53446
42528
44178
45052
48579
17134
67465
85321
41040
19067
16286
63925
73245
41929
22058
73242
36121
23775
51264
20722
76801
62325
94529
93807
56645
49861
83637
97057
86200
70336
96272
92181
73836
31310
45662
80593
58381
67627
69971
55986
31660
24002
85040
80390
59227
82871
33217
35504
10109
73890
85558
76408
57228
73710
84888
92065
82145
69209
79186
84091
96175
92741
20519
82506
55939
82699
29040
62913
75512
44274
99749
90795
98172
90813
78682
31953
78442
80105
93931
46609
84577
87901
64687
49191
78078
91360
92356
94977
85212
78323
30900
86237
87632
26932
80683
59231
80362
53898
85215
88505
84535
87535
79434
88943
88567
68392
62514
89509
49288
33350
80307
91856
38457
93589
84443
83000
80637
42489
49279
90484
81668
90676
82620
44141
99936
70038
73658
40953
48991
82238
73542
24030
67030
98102
73118
95623
82788
72559
57020
77402
55057
70787
82816
72137
90043
88744
75715
47918
96043
61330
80766
14370
48141
11799
42880
58238
83633
65290
82385
87205
73738
30307
82163
60006
81821
58566
93505
83042
85155
63593
56407
41191
63647
98461
98981
66435
97331
71322
51989
87294
94517
82311
63626
58985
76193
99829
85070
84073
71871
45816
85192
40070
35192
58097
73878
34953
89355
83045
22855
78180
34705
28684
82992
97518
68864
99885
15100
72725
87527
71981
61324
68901
47973
69229
78108
86549
85517
69935
99290
76304
89226
49915
11252
97130
80572
60444
63916
76985
33557
95822
93691
73969
66230
52061
54136
58427
82551
63053
81249
70673
65343
40658
76355
56432
38776
52581
82739
49061
80920
50022
35331
79881
85511
66750
62068
45094
51106
93592
80571
32027
99580
93269
31372
81252
23881
98806
90813
42319
48313
76395
66474
78536
96529
59056
70927
90391
59217
4517
31464
71256
54767
60662
54862
52123
89146
55217
46758
60224
42561
89132
29332
43498
79330
67046
78628
86200
83209
77040
56455
42704
59886
86951
72303
99411
57101
59230
54471
97136
84257
31396
78217
93091
79153
89247
34887
72446
84942
77872
81177
68863
66115
35815
58040
52182
98384
30744
91862
88255
81703
85169
52974
64058
88810
51241
84235
42327
43558
63562
57521
20031
89958
73047
94130
94816
71323
66684
40334
68625
88584
58601
95085
53354
74637
31101
57940
53977
82715
78672
76392
58277
86957
85491
77808
62279
80832
68171
80637
28371
57678
85388
42837
61614
88900
65889
95972
82568
33657
91113
92446
47371
33473
22440
87606
92467
27779
38194
83787
82277
29677
64063
29361
84181
80741
95406
66500
33584
84753
83539
58518
49711
92985
81457
84052
73360
79431
98578
95537
92041
64799
58518
73083
56078
76694
62437
44753
22240
31912
66083
75915
88675
20962
77414
95907
73866
63930
66855
96840
49974
92493
92879
1905
66999
89313
86513
39188
87627
91623
99437
96695
43400
82342
71690
56953
54607
90307
69811
18668
58944
95516
96154
51466
98623
58916
62083
95206
37399
63689
69617
94516
73682
56892
49154
97584
88212
87693
57567
73885
74333
85573
98341
93863
99249
86120
99053
35921
92117
60775
99460
72908
82207
33280
76801
89834
88104
70590
80270
97775
96339
46668
80920
71186
81294
43765
81350
74561
69774
58261
64889
35832
67375
67176
70089
51332
54153
75008
87672
56127
41120
94078
55337
36841
61373
40254
81188
46363
37495
86038
44496
99181
75555
58832
96792
86445
98513
70113
83209
75010
7849
84585
68892
99890
97096
80995
99240
72042
78775
61316
98779
80961
76651
36673
67936
80498
95157
88371
91046
96673
89304
90011
48276
88420
94088
77024
78570
52879
37763
87929
98701
68938
68550
51548
72990
36823
83141
27954
10704
92823
66107
12941
81508
70429
87766
67754
74245
77667
86357
11919
62818
58328
72857
43495
60094
17810
98948
60526
66125
73650
74958
41909
33093
20620
92222
72301
76487
94425
49010
98180
56244
61576
60163
85575
62541
40932
35260
58611
65996
66543
74528
65822
79948
99766
58870
90576
87624
57877
88614
72100
88813
65941
21867
90217
60472
98344
74254
96920
46224
87588
85407
61509
89210
82150
82880
93696
97020
66220
72112
64558
63179
81663
25398
96901
83110
97212
72840
88317
62512
95417
46357
37903
82115
37872
77643
75807
79999
72171
84859
83623
82379
42920
82201
52180
83651
53938
89682
92800
64828
75134
50648
71564
83385
99660
38202
35976
52279
84633
87327
58238
90469
74573
98148
85866
74103
73865
99350
45370
70940
89690
90126
90618
85036
95077
99964
80383
56826
89945
65587
91106
60371
99681
98313
79618
73965
69619
69199
99125
71916
54307
25178
81377
57555
63529
75873
29120
62753
69588
40716
98477
54607
87104
98613
71496
66975
62124
91585
85585
74364
91938
89179
77797
84216
72258
89237
97581
58603
39526
82755
99227
84339
81437
66968
77056
92386
59004
48980
61900
23959
35487
96009
51550
91800
72669
56240
99013
78366
79929
93540
80601
87441
87090
75308
92886
80635
94037
93403
32480
98982
64659
81004
57434
97046
76087
69294
57293
88346
52708
39874
90232
43177
80882
71840
73202
26506
72148
30400
77736
27711
35697
35928
50294
76906
70414
91739
68799
81830
64217
33832
66887
85140
50199
76468
74096
93256
79924
79811
22213
81910
23940
81876
72743
90513
77766
94204
54853
41450
54178
69188
84411
56802
39282
40459
92619
48682
91508
50716
60873
65527
81325
87892
74002
65252
30279
85594
89119
82966
81064
94716
85110
89558
91425
96779
97647
55959
53155
87828
61186
41637
84536
47908
71128
58980
38833
35576
60233
66588
49314
58861
97642
67410
83059
91960
83444
68234
85897
59944
94733
78511
52872
97789
98087
94813
47820
91997
67931
74997
70549
76564
78112
56210
33290
88672
74144
92434
97754
85968
28024
59748
87514
71880
95714
43373
98344
60925
90828
63117
48001
77949
74746
45388
77951
40344
33735
67034
69798
59872
77604
60359
68279
47323
74018
67157
48341
58650
51372
41811
67782
75290
50739
47845
94379
76954
48737
61646
46361
37433
25260
60111
78921
87356
42989
73293
47290
75453
89108
64048
69476
78704
58867
62252
50221
80692
78464
84887
94771
92197
37594
55602
88456
70073
77659
90531
47729
55951
98936
93881
87581
59196
80596
83393
93645
60845
79438
73258
93888
74702
19379
48207
48310
99412
66528
79080
60040
72958
76959
78717
74283
91727
73302
87746
97195
97486
89658
81355
62786
92916
73151
47820
53912
57392
94945
43285
81681
74616
94015
60266
43635
45138
28595
87403
95705
93572
59450
36137
71013
47262
56285
80971
61604
88724
71408
71215
96098
95417
75893
81025
46633
39591
40708
93466
75066
35888
88703
69559
93323
60936
81261
66299
71567
93165
81226
38175
74924
73091
87533
90156
54847
80154
63167
63968
71807
92465
75496
67249
76855
83705
97359
83808
43769
74956
94691
80217
61314
41005
88198
98131
75661
97379
69248
44159
64460
66093
36383
51288
15685
76075
96324
57343
26328
45456
91083
91541
75195
44684
79231
76950
74817
98403
97280
93042
76716
75546
77496
74050
87760
23067
74509
77182
90460
96037
78820
50763
73962
83087
92000
57267
78992
42946
48950
84949
95909
96342
97298
95427
59819
70342
72919
71226
79513
98968
38517
46823
77709
57984
79151
95324
80959
50822
33003
95177
56059
59296
94779
96282
68927
45252
53153
95690
66083
64760
58888
88968
76279
73755
55739
66274
90405
44150
98807
51800
70706
99047
92145
96692
62801
66811
87609
89953
85347
50283
86374
39178
61771
70244
94770
55767
79990
91139
70668
88694
86843
87613
47819
68424
95271
73437
84967
60918
27714
94544
87946
89297
41768
98041
17776
53093
77025
72064
63709
50777
50279
86296
99927
97857
66576
65253
86214
75300
26274
36943
76327
94262
53417
61873
77846
51462
13765
87116
39742
78920
99626
81771
76611
73130
81603
68099
82987
64635
67387
97322
79632
96126
94626
98729
66855
99448
20591
87687
88140
74970
66670
91246
98689
59030
89652
48659
47649
54404
81763
93705
70561
87928
88479
98855
73324
58308
57695
99729
61439
49069
87114
66176
92383
89968
88538
85051
70896
54080
55611
62545
63039
92781
89166
92868
97343
98956
69499
39971
78927
97763
85064
81357
99958
86364
49592
65237
85941
83172
73399
66986
63613
91161
63760
60672
75608
56926
51213
76241
89090
92968
65487
72134
92708
98089
93942
99444
84601
73008
71637
58283
34287
95445
84095
70734
96330
95734
83570
94933
87253
89111
79420
92598
85053
97559
82006
76244
79744
67638
86854
68872
92054
63356
34436
65893
62235
75441
72534
38524
94941
60648
63384
61204
78891
61294
38906
92511
39976
95923
54874
63562
98889
66329
67909
89595
66159
24820
86714
77036
95348
96362
38580
59509
81392
43033
61266
72547
72364
71914
63141
91786
73381
79365
60256
59537
46403
92082
75081
84229
73114
74314
92898
93491
88679
96856
38255
56656
56311
58949
53865
90426
52172
94846
71741
59817
45963
57674
63014
56191
54327
87067
64996
97186
75025
64011
80247
58257
72159
41939
93044
99842
95050
67308
95958
55406
67956
62025
59956
71305
28056
96943
92948
68368
57641
82222
40781
42245
61878
63513
48947
77346
89235
73636
85909
87347
96660
94299
80453
39608
95009
77894
71857
65192
80466
80239
97128
77621
98814
46252
62765
70034
60449
85174
27915
71955
53078
65097
70559
70301
52068
91159
95333
70144
53202
70018
59730
56682
83332
95079
81649
92373
51066
59876
72186
67202
85305
91037
55660
70206
16425
98623
63634
95389
95682
97694
67364
81320
80613
53248
66945
97836
61722
99503
91351
52109
85302
85351
46479
85836
68061
32576
83050
86233
97274
65344
95939
69979
32808
51228
62289
77871
86003
45420
16116
85196
94315
64388
65731
80036
65347
80242
94053
69699
65332
61728
93333
25277
96094
80792
67735
80495
34454
92998
88643
43677
94828
36442
90099
81002
94109
94042
61592
86075
50272
64623
85532
80803
69186
75177
69322
44676
94882
93186
71272
90373
91841
66083
76937
77718
29682
64092
73039
55090
49739
90419
95035
53135
77157
53763
72796
68605
74892
84862
86456
58844
19824
60620
91564
33539
82122
85185
59384
90954
47543
82723
97715
72108
73669
68354
41787
94129
99830
85358
77251
41575
47414
59108
80625
46375
99595
12721
71174
86861
86489
99660
72359
62163
87866
34690
34347
75613
57814
76778
64052
94850
71325
39848
76668
82902
84645
54238
22786
89842
53520
91448
88368
65132
51815
88765
93369
45401
75987
88188
84171
92853
56667
94905
70934
23323
31143
63465
43417
61289
31342
95075
85855
91313
47460
68206
94841
79415
48288
89560
51583
87513
47952
36212
47743
92025
66964
66181
87296
69749
76216
54013
75926
74048
80172
89439
97174
48959
39124
46553
95259
37980
99192
71337
13624
52208
97460
61005
62238
8339
70600
97375
58506
81445
77997
96108
33199
50643
93227
59395
76355
83033
56456
92394
87218
87354
99988
22295
25489
86420
98991
89363
92120
94457
94240
84955
90076
89337
92298
58707
55105
52662
92725
75354
71902
38855
73446
74768
59136
81434
50353
76189
22691
72777
92117
90853
76866
39735
95025
70088
80545
70507
99730
99157
92295
91736
50497
95611
95590
90476
85904
58819
82472
88672
98493
65867
83544
99932
68508
58468
82342
79715
43601
68565
85437
61762
85341
98528
60438
75345
59391
97709
76040
59270
56356
32906
67393
90282
99102
88034
77080
85917
83773
51475
36882
63609
90889
63160
23059
53961
58831
24874
45124
85103
86826
76886
69198
54285
84794
70190
98068
97961
25778
68260
69616
25157
83956
78033
62135
85629
86225
70410
48677
51472
85160
69250
98241
52972
56725
72876
78075
89604
59515
35186
34402
72609
88089
81932
89131
96868
53483
58140
97574
60179
38711
89708
97953
72149
53050
89406
84743
40553
49885
77772
43352
96298
31081
97900
49917
79133
55149
95865
95517
99579
77604
72513
78687
15384
83485
46475
61829
66345
61069
56194
67816
71365
83493
96967
77406
91395
59804
64855
62732
87169
64489
33978
62823
72306
97978
97652
98085
91385
90290
90820
68474
61339
66298
58143
91574
96996
14546
24059
74792
25603
61820
89563
94811
61451
32403
61879
62498
22855
38755
92851
56317
99090
91184
96933
69972
89150
80765
99777
98957
52943
35654
85949
91016
73662
30070
55469
45137
96342
93430
65926
70693
66248
81267
67093
51091
94699
74935
90941
90029
34373
68376
88077
9767
77468
94048
51727
34111
46098
57643
70348
83177
97055
98306
96838
95524
66266
76077
11804
60557
76091
98823
73011
46640
77698
69449
23675
45817
43290
89126
71450
73886
52070
67687
83348
87011
31737
97202
85056
73016
84831
89391
31783
44108
37919
78253
52872
43748
80064
95765
91369
4791
88727
51788
69846
97025
44746
45652
66799
56277
62282
55462
70121
54474
62931
98904
85768
36711
99535
85717
78540
84355
41373
91965
60174
90545
95355
80435
63299
32698
68779
74021
78672
44668
77378
55484
71180
44906
94452
66237
48079
74499
98604
83036
53057
78989
51767
50308
98189
38609
99737
22562
76675
74914
78216
64791
74816
97794
96416
50908
78300
86238
83349
95470
81415
95469
73272
52727
84571
79796
62049
94952
72522
81841
44355
47526
80722
87737
80048
93684
64748
66079
78854
77686
61027
71854
89973
45993
31511
45652
94536
93214
97627
71545
79633
80353
30706
85828
88033
8218
95349
19145
36803
71579
90097
84196
71273
54641
70750
54958
54259
67410
63511
59558
83473
45765
75999
90106
76670
30584
26548
84966
70882
84346
90318
59170
71931
61798
76796
67455
53476
19372
75112
72533
73105
52904
69008
95919
54146
76423
86286
31482
98194
68767
70823
83571
85895
87557
79994
28785
97285
60900
95713
63309
49067
82517
61800
95116
68786
50187
77201
40972
57989
17150
12713
64675
54070
49384
79593
50375
58909
41743
83907
95504
99181
72871
75182
71832
78444
17042
32717
99911
61791
65798
99711
48623
59425
77352
86247
57132
97459
57220
47379
65305
93367
95626
69057
32397
37911
98345
96010
89842
81217
61642
64173
91313
93772
51978
86948
28115
83457
93713
89556
91945
44150
75051
90227
57529
94257
93095
85581
73239
80808
76381
70660
69007
65809
75908
10409
94410
78203
94146
55380
81903
71800
87374
87524
90605
93879
77736
97572
82183
84259
95589
62014
57144
52815
74606
47861
97225
68403
49203
86040
46698
47232
38719
43430
97226
70843
62054
95703
91861
50496
60446
73782
82482
92181
12521
58024
88562
40515
70819
96558
53140
46727
79401
87884
80817
71746
76111
80913
85620
69465
54569
62717
57255
50805
98823
90248
94631
88023
41481
69623
85098
78184
75531
12333
97226
58082
73469
72674
52343
21928
97152
43975
90700
78540
97581
51579
55280
99108
53098
34246
87061
62094
67388
69806
66873
53759
94771
77151
14455
84785
90463
67381
91136
88390
78034
74098
64298
86216
71136
93550
76750
66889
67454
94341
46977
64022
71920
86446
49957
94739
52312
56758
43739
25463
89684
95343
82291
85762
86647
60445
98586
68615
47528
81039
55568
82676
83140
73517
74938
87086
80012
67268
81182
89265
11813
51137
71909
88704
79628
91896
82507
89610
37821
72639
98370
14393
13352
94159
98713
82318
75096
75192
87295
98103
71585
65877
90068
98118
44111
26047
80397
62421
66275
23762
33554
34371
85578
87156
92220
53027
43202
34004
72562
50485
43297
74615
76238
64743
75020
64145
97738
85827
96260
95027
92129
84693
26302
75871
36789
54908
93330
77497
87906
58052
32004
50258
91315
65274
80470
86343
76776
38558
57210
86376
81834
61900
82044
75371
99958
45504
65919
22241
78524
75930
95575
79104
77316
69411
91250
70870
77617
59209
75450
94410
52664
49359
85777
86251
95902
84807
31997
79239
74964
56792
82341
78710
84879
80128
73337
99897
93510
85119
51324
91831
97103
71763
82671
82475
94895
96662
98665
91947
99717
93699
86687
48631
84966
89120
81637
93942
95246
83926
76850
99569
84807
80566
59188
31607
99777
84798
79176
60188
23362
61095
39683
88751
96496
68044
72138
50613
68149
98094
83966
97731
11034
54898
59936
60047
90674
77060
89096
74201
69961
90689
91903
69469
83307
81835
96323
90964
74603
52570
35131
33653
79517
34666
55946
77399
91995
46337
40779
56326
74290
76609
42874
99878
52022
91763
59360
73054
83168
63893
98498
62471
86824
98365
96142
76733
94546
61029
93676
83927
43554
68748
87105
12329
42822
37074
96479
98174
75464
85794
52611
84451
56394
91760
94863
69761
77638
90276
92195
74529
80719
67602
92980
54154
90051
77635
49519
77584
95303
93403
90297
73998
6883
77813
86202
61633
44239
96618
69141
77445
95887
79295
84265
73430
76351
74523
52930
90001
79390
47744
73807
85333
39821
73152
61709
33087
61275
60966
81903
5607
96813
37240
83853
36147
84538
79175
62214
74041
69574
34480
58187
54743
36185
36621
65978
86876
56916
83552
45812
69968
42745
71714
17498
88545
96475
92609
33695
59754
92333
89502
74009
39272
90486
69398
92960
79682
13733
83520
61594
51912
99962
96290
91829
56727
16584
83106
35454
11024
89959
61533
85690
42175
91634
60486
35080
26970
59492
83109
87940
94492
49119
72229
98193
19393
47956
48820
69116
21354
94455
96258
72562
60003
45007
97472
65587
61676
50182
97460
57868
89283
24627
73214
98799
92546
44722
68317
97577
38404
39803
50117
86682
61568
72616
56270
81899
88890
45766
41762
82831
99430
90231
63660
87610
67400
33050
45950
71101
63976
98335
82063
79478
97156
73744
61616
47507
89346
40286
93835
59092
25995
89970
89646
97734
99379
8189
78918
84948
81617
97621
35195
72164
70741
86647
87231
69350
27816
30117
88167
97933
76468
95786
91758
97873
36151
56871
62317
87001
77312
94790
59473
43826
33431
74780
40701
92917
95827
62299
59388
94029
85925
84212
42614
86318
79370
72922
15929
22298
88642
45578
47498
42583
38358
30011
53141
76789
59723
64928
40602
54837
13598
90593
97815
68121
24201
18190
25826
95728
82346
91075
84004
74501
63187
97012
24616
75890
98666
55369
43960
68683
17342
86950
36063
50333
85010
79547
84397
75712
70220
61535
77425
50425
71409
38827
68759
44274
93099
94161
96213
35106
95115
90351
88603
73662
34415
62372
16744
98411
88406
32337
69174
15543
43392
90519
97596
45419
54760
76271
47581
98649
75971
78477
48015
76803
63005
56433
98489
85643
94257
60922
62374
57678
45731
46069
38447
96515
66641
98762
99066
90533
73113
66376
56113
87586
70203
99829
60265
42862
56868
53212
76663
75930
95502
74775
47670
82217
72741
68436
95374
82437
47444
86124
77181
58751
52541
60580
49415
86277
61519
63638
78101
14192
71566
71579
66532
68861
53104
46088
25637
92033
56622
64302
82127
72408
61689
77965
80113
66517
47003
87231
58685
89861
85183
95042
98012
82504
70060
66518
70920
81399
82639
64668
85173
72434
82906
61072
33844
90292
71601
72724
93541
65037
38149
91454
70352
72311
95443
69832
41367
99180
68343
71698
93114
96961
30233
87226
77496
60727
55467
75335
80236
13576
62160
84584
97068
97413
74881
37028
42257
89782
45762
84854
79736
86926
78234
77497
83268
62321
95853
83942
61185
94068
39430
78104
90483
77043
89858
81447
98456
69433
84398
91260
78046
91955
92875
77728
50979
68274
4844
77806
28645
78878
55060
79359
6015
93916
71867
59356
55625
90859
93522
79134
41106
71156
96449
68612
44002
77261
85455
89470
99800
87131
88999
61463
24105
74266
68926
75553
91982
99410
65029
52173
96050
99866
70237
83188
69770
58222
70960
94996
68820
76338
69185
92480
93842
59419
27948
52619
52998
58995
76333
42801
60191
68140
20761
32977
24719
79280
80898
62430
92134
87648
20854
58611
19241
74942
57620
47642
84921
95953
94138
91367
42830
88592
94998
90327
29427
76295
68900
75356
55519
71562
73664
93766
13264
88983
89306
95855
58905
54177
70051
90150
98189
96244
87421
61022
73419
7293
98628
62562
13191
90012
49789
36753
98126
42241
37414
46548
50485
58564
53624
88480
44102
87174
83395
92595
25658
62663
81617
75303
54967
73159
76887
98931
47533
76510
87729
21154
50704
87645
87186
73241
93364
84399
44546
23454
54511
77636
92485
92515
81794
92923
95957
74100
69754
56965
90404
68578
80279
80064
92493
96268
81169
98283
66748
87473
58541
50682
69714
64228
94855
16799
90697
75262
97824
96612
80224
75846
76961
63392
82653
65754
97795
86125
70811
59493
52688
54622
60590
64567
62565
31271
47438
60068
49995
51495
35129
61230
64962
58861
61264
78387
87536
93971
47723
86559
39888
96658
91527
30217
88731
49035
95613
93704
54368
74349
33436
89700
90373
92002
91210
88407
90525
83185
43725
70982
76117
79266
79478
37639
68815
60797
38800
75394
72962
57841
31077
88425
32531
71154
94781
80684
93420
18748
65331
99271
96631
86162
81018
76820
85696
97605
95787
68973
43634
34370
52178
29203
87800
87490
78179
44758
86072
92804
88420
74409
76384
70596
45671
64605
91071
85390
64317
87446
27543
68825
80384
86686
70403
19855
61152
65521
26819
73759
83441
60987
51879
62000
58136
36778
63788
93680
68837
63773
68855
96706
72030
59713
49877
84380
61901
96481
46265
40183
52037
99948
54156
69586
23313
22468
40173
97814
74611
93069
83785
62399
36821
83352
80407
58701
60888
53754
74662
72602
63475
46120
58365
99110
64790
52373
32787
90305
86342
70331
94034
31668
82542
90297
79659
62732
98191
93953
84676
53248
84034
77809
97253
48867
42314
59391
87633
88774
94000
83424
67819
68732
80302
72041
60625
18022
84645
68308
76566
84426
63834
82973
84960
35249
54985
29060
95417
34469
34647
50752
28974
57251
90150
98116
57291
41490
39696
70993
68758
66556
69439
86725
82069
91168
97296
79079
78605
75410
96001
92780
88379
60113
81415
76481
88666
8698
36822
41674
24333
43672
65384
80722
91769
82827
69975
62972
53559
94883
25902
77459
44897
83109
38730
22065
45494
84044
67679
87547
87770
64283
91652
40851
65279
67917
46714
87500
77223
88263
95073
97556
82184
33376
80334
58078
45543
74852
81251
92262
97140
72787
86633
53388
49827
83365
49266
62531
52139
62512
82096
61726
67747
98145
31821
52438
90709
92582
80835
41839
90402
86136
88842
83022
32448
78822
53893
98081
58924
49528
99159
36523
87579
40358
37164
72385
59072
97944
99814
59635
58018
51633
55045
85202
62603
70110
62417
16643
61746
42624
65895
39767
73391
80837
78361
84944
92691
78551
71773
78197
29152
75151
87133
38205
51443
5207
46783
52748
96362
96282
15021
84461
42501
84214
94607
34540
66366
24302
16176
13174
55117
58355
70487
76434
56377
50272
82756
72785
38903
75181
94057
72310
88721
16434
75026
45818
79369
94896
80982
71439
89696
92570
99985
96892
71301
98716
66866
73362
93350
42358
83881
47018
30355
78065
72862
87670
59165
88973
82166
75754
92727
4480
89326
96434
88245
76351
85621
86256
87282
58146
63825
82448
50490
91699
94231
50799
55509
65987
97718
86895
69078
39886
58392
60260
91153
38296
67323
45849
33608
40083
83596
98031
92937
89660
91665
62878
98986
66304
88195
83791
33704
74801
75782
82260
55798
89756
79286
69990
99067
57936
56665
83371
89143
65554
86454
85686
86081
80163
77821
20222
56616
43096
84179
93709
77671
83363
22291
97711
50531
91064
91898
74519
75605
35169
98853
98832
91250
58693
37214
42378
91877
61001
39550
95000
37928
93638
72545
67253
74426
65190
93022
86424
69487
70013
68606
85525
72278
78419
39850
65232
60486
64855
53966
58035
80251
62749
76684
41684
78788
87949
91225
96885
23900
42870
42882
73855
82630
91770
61231
91077
74276
63808
89742
92443
41011
99596
97464
20228
98975
93539
97395
87548
69206
52367
90169
74250
18270
81604
80007
33262
70693
60275
74476
88129
37572
81669
73486
96524
75292
84886
34903
69108
71144
34263
22571
82019
83034
85844
78102
78267
90808
33726
84809
85722
95848
76400
64593
68644
97944
54298
72514
85933
82913
20663
61947
39940
71900
21932
96465
79936
33236
78429
35212
30319
82872
47659
69030
74356
78456
66551
63657
40980
81821
92212
99767
73448
66118
85672
18336
91660
84288
97867
80769
47490
92050
98476
94916
90936
76945
91308
41951
35565
31614
86856
87593
17540
70736
95678
95458
16501
61773
89393
42981
96681
85699
98448
74076
96774
91783
92094
43155
98416
84717
73390
79332
92632
86763
67370
98759
19523
92439
76766
89473
8398
61539
93568
85198
93302
23489
84273
84121
40679
75133
89900
73978
56834
72498
67394
27806
82828
86270
88466
84532
72606
61785
86083
97656
63936
92134
71502
98981
87656
97512
89406
29740
80112
5934
78020
60657
47566
36358
60904
60110
80448
79733
74700
86568
80157
59198
95023
89506
94687
23319
94555
92048
55114
97225
95626
87826
75644
89498
75566
53662
45839
67282
91449
92841
82754
99827
77121
72301
98127
68042
87030
54949
95095
85064
55600
95509
85582
64339
86545
58804
92879
86600
31035
80109
93821
26733
38208
59766
49523
60912
58322
50110
98276
93263
93484
65583
82169
89226
72985
79924
90305
67510
44492
86810
99984
66568
54110
74830
26759
92942
67045
40879
63822
82894
87064
99071
18938
74214
56738
98053
57159
83908
55554
84974
98017
57916
84859
77900
59166
89741
65420
52771
90236
83547
68191
90286
88196
61616
92980
41965
83492
37462
72415
52133
75112
13585
77692
75099
71024
80724
91404
80161
38865
81916
41414
31800
97318
87931
87776
64350
53947
99123
81553
92515
60038
95511
74846
97342
64043
61999
89365
83597
76843
91061
77801
80505
63693
96549
94879
97628
87189
77331
51618
71424
78702
91230
79068
90530
63673
34318
87272
64379
72543
86809
58842
82515
70667
69067
9007
76545
56795
76654
49934
96912
88185
43617
70373
35752
13891
71939
93727
92677
97447
49700
97626
80039
60869
75735
82795
89351
51194
50398
67237
66581
74101
74199
70444
71205
37051
26351
46188
76932
74165
89313
58313
86050
46260
27996
75800
65670
58292
92548
93392
88671
84319
68938
82582
82972
58881
17339
3463
33211
51830
85066
85597
66862
56485
67974
59587
68374
39959
95852
43558
76514
59211
65235
83576
77868
81754
49644
71610
25700
48390
65128
48311
47886
86263
93247
79895
88383
53594
72609
85479
75497
62123
57206
68975
57950
44000
66181
98259
60894
93673
80574
45024
36661
85773
78036
74951
78973
76043
99969
90242
99157
80963
96415
74840
89495
51182
69553
83920
94533
39370
86893
82350
85068
70390
66410
87253
84464
77901
90369
93691
17565
92290
82041
41648
39998
49013
40849
36826
79675
73866
89492
53046
80954
82760
95318
55225
88431
82295
98042
66346
35367
64481
24691
95256
93999
15033
87862
75685
84529
53468
94664
61429
73533
42449
98930
82405
82908
96758
77130
95098
65739
64913
60811
96760
84119
92632
81836
60135
86608
73501
82635
31328
24287
80409
87133
51640
96542
73170
68531
64804
70606
58491
82924
50153
35986
89755
75671
83326
84189
97972
70270
96361
80679
89208
2939
92631
31577
93927
69334
90439
37189
50962
97293
74653
92925
77773
97521
20782
66194
73996
84193
80632
82548
82829
54672
85232
94531
15861
33798
58252
70897
94115
89220
78840
69372
54399
74386
55778
43247
71201
61080
99414
38981
87355
19293
64368
95330
55280
96470
79084
53184
81229
76887
48363
59656
83321
96697
55811
81979
91406
61605
86433
49289
98063
87723
95548
43093
86970
97923
73625
69183
80360
77177
24503
87336
84991
59192
60344
73607
85628
77949
30911
89844
99118
53576
80335
51690
94353
1993
65716
70861
85330
96708
91492
26057
85429
47122
75956
62756
63536
80856
84239
17604
37591
87526
98573
42539
84018
44220
66797
73457
98738
93995
83867
99548
43587
65159
83192
96388
71267
76085
78635
87018
37245
37911
13019
33370
94029
42714
89814
74686
64996
81968
38681
54089
93652
90344
61851
30700
68191
81910
83051
58908
88007
65494
9276
96484
88315
17545
97837
13864
64065
64815
53451
73070
16336
46353
70408
45094
16103
85080
44113
70844
63844
51588
86458
53942
81126
86860
59995
60151
89187
50898
84663
62097
60971
48539
25651
59491
64246
24889
69108
46422
29786
53989
76212
75005
93467
84045
89734
88251
83538
90841
49864
93951
54408
75635
64644
35085
69916
49026
75950
73650
37589
46552
56970
49796
67942
92329
93993
97462
48643
93985
55761
62148
63450
51884
29468
79925
14546
40290
56398
84696
36194
71463
63026
91518
66080
77270
38864
82782
92663
67588
46427
63500
62081
64436
87216
51668
84918
81687
97808
89289
77170
46719
83397
34749
54384
71122
43164
81645
57311
69219
91308
49823
92303
46435
65894
27260
82243
12774
30190
42089
49918
56672
58163
63195
80066
72796
82320
43464
73734
37349
93758
52375
82732
48194
92981
14984
76310
78880
63579
50030
89206
62436
92630
96248
72140
53358
90888
61956
34160
53474
99159
8149
47067
43298
86793
49117
98133
75876
80791
92054
95292
73178
73145
55575
97871
41549
77449
62867
28000
29527
40908
96639
56986
74906
69001
36421
56444
57143
23635
75541
65024
47112
61166
47972
91775
72462
99979
78254
59761
91634
55981
99249
40445
54036
80072
78485
48782
65350
36738
67173
79195
65101
23924
49015
29915
34172
72363
75655
96186
68951
98165
58672
23047
68549
99685
99779
50025
31721
75544
85167
64738
70290
93946
62380
88717
89561
44799
24816
96600
90593
54211
95595
23627
77229
93127
60352
93801
75751
61462
25129
69104
60205
98722
10807
96916
89382
94066
69978
26762
77959
30220
36104
66227
88763
94837
76807
46956
97279
74672
54236
98235
84743
70964
35101
49240
77595
81672
41056
70892
91197
41169
84485
50414
37986
68715
87442
95839
60178
74396
70778
48969
82633
42195
71361
62960
79177
98326
75853
42684
58003
83889
36596
44641
83651
85940
56382
95840
32626
53060
42670
62512
69938
75556
95675
50196
77669
24460
91265
30501
35906
20306
45834
62540
74407
77298
69650
19875
58229
92531
63122
94212
89784
92852
79310
89049
42207
80395
89908
62141
91630
90362
90087
83052
87152
52965
48391
69515
57572
95285
67520
84662
47679
62264
72328
79374
39623
36940
98453
70554
64606
80848
91927
31110
63797
82889
83630
62512
83652
80038
79030
45899
99939
88800
62285
86734
35519
87004
50525
34012
86473
67901
81111
79761
93734
59554
41886
49369
58219
68360
65761
61425
64167
98139
60632
88174
93622
72188
94147
49028
76807
97776
93719
70741
80913
93635
43862
87551
94328
76881
54739
58397
43427
22720
58497
85768
79580
86314
97794
83557
37888
86443
96742
10621
96649
44832
97275
98116
68573
65559
57742
88446
94049
86234
54029
97392
94964
92262
91203
65632
81632
49575
53390
97325
35623
5842
65806
95714
53594
67420
48123
37768
48854
62986
55897
67955
76130
77394
46253
87776
17773
21804
65811
97585
82281
68471
63858
53804
23578
89280
52398
73256
94580
56498
74752
60319
83235
70718
45641
27021
14405
81509
94558
30909
75335
74830
58070
74588
72943
73967
40825
79268
70645
97720
87901
87508
82925
72254
73365
57339
97383
84828
94409
14938
81192
94185
80946
60213
28664
58348
83051
44389
90283
82802
49920
96576
97801
57528
61833
58677
62986
55322
45699
31551
90069
84506
99481
48040
92468
34257
69993
73885
89064
90987
90497
59717
43515
67204
59289
81153
68016
62154
80491
92536
56142
59667
77159
66097
77022
77570
37077
91519
50954
55863
14018
59404
49026
93697
56512
67286
81008
77202
22686
75922
86602
79521
51923
56856
80733
85367
25618
96803
56842
86568
64160
94136
86480
56517
65019
65341
83689
96808
95017
91994
67556
96630
42344
67080
66403
72179
89537
86371
86664
55260
99746
61721
98960
32255
91731
74239
21240
79857
96331
86369
21628
57825
43642
58513
29563
83792
60195
46865
43628
96236
63298
77653
90761
33150
71115
97146
97434
83552
97779
72362
94319
77161
99690
99779
85899
97165
41522
84424
70862
27776
81453
73320
32682
31846
87254
99517
91112
83311
69620
91772
67270
91609
21350
73722
72705
86424
67301
93684
79165
96314
69940
76791
98802
44827
20604
72148
97137
97743
96607
58436
70738
90561
89885
66742
50558
26884
72462
2364
96260
38757
84597
36113
61743
35694
64784
84449
82668
78956
92722
77510
95758
97237
95629
83010
87582
32818
92817
90172
72290
88373
81628
48789
96183
24214
73768
50166
59852
78027
82316
63246
52721
91919
87641
93708
88970
29837
92912
99734
33308
86155
85609
73167
88758
55577
44476
20072
78316
21163
34306
79349
92696
77765
47681
97113
92973
97628
55869
73295
27758
91676